7.297018090828985864e-16 -7.744564263793955954e-12 1.240649544219091817e-06 -2.244417571279850102e-02 2.773647565410428228e+02
6.698731093467202328e-16 -7.738248623648034766e-12 1.235633313753177787e-06 -2.248947562085112928e-02 3.208646008388298014e+02
-3.058109958943632137e-16 3.205708769408808539e-12 1.187049600118363282e-06 -2.247124996615570969e-02 3.649296108078802945e+02
-5.042775629039303367e-16 6.170216765589379926e-12 1.163486238823247001e-06 -2.247633077933946025e-02 4.095837029398823574e+02
-1.827525497829765216e-16 1.658485292826868500e-12 1.176280498730374542e-06 -2.254923811699002106e-02 4.548782933799004695e+02
-1.412202160110462326e-16 1.463300100669348344e-12 1.167194591575815528e-06 -2.258267062081238327e-02 5.007666375048445957e+02
-2.220318821400387626e-16 2.506525887947054642e-12 1.154367774942851331e-06 -2.261320550591372838e-02 5.472756785857370687e+02
-4.129162837045825078e-16 5.171119669280166523e-12 1.134014930448649653e-06 -2.263236382148841111e-02 5.944092717546423046e+02
-3.085481458598983654e-16 3.212836112400713737e-12 1.137325241281430802e-06 -2.269628590139823737e-02 6.422089393817009295e+02
-1.773940555586409651e-16 1.851866763030666265e-12 1.133367561051472058e-06 -2.274070748029853942e-02 6.906453493748374513e+02
5.001945559142498697e-16 -5.794098591737832587e-12 1.154413844917592003e-06 -2.282669777529171967e-02 7.397662837348652829e+02
-1.745687691093263834e-17 5.428934298215795279e-13 1.120353494700182599e-06 -2.282894664339967308e-02 7.895216961785844205e+02
5.959149887308699683e-16 -6.750600482427603893e-12 1.142058605907225351e-06 -2.292174094731870906e-02 8.400058064682303893e+02
-7.277322266775569285e-17 3.054878947711029590e-13 1.111098316863999304e-06 -2.294254409574291928e-02 8.911570208122466283e+02
5.950509060701539232e-16 -7.196364371583309422e-12 1.130765080608327204e-06 -2.302625375902250457e-02 9.430348486673848356e+02
1.958193676787416672e-16 -1.797812935828613990e-12 1.099566629880414508e-06 -2.303967567670725178e-02 9.956108317936995036e+02
-1.945069771836008146e-16 1.981581464577163771e-12 1.081955925336244627e-06 -2.308644351610563208e-02 1.048939763083430989e+03
3.746868933014085246e-16 -4.380456102773674189e-12 1.097960275149737754e-06 -2.317098689753002705e-02 1.103023241511556307e+03
-3.429111642845839527e-17 1.119857319207139723e-13 1.075294847016271657e-06 -2.320842715478057053e-02 1.157854999935696696e+03
-3.220249535478056809e-16 3.939383649514542127e-12 1.051204507445164234e-06 -2.323588854510563045e-02 1.213447735770448162e+03
2.988870076288835107e-16 -3.537748655716155260e-12 1.074408783882775649e-06 -2.334029197648906581e-02 1.269870063676185055e+03
-1.346212486906230100e-16 1.222589484568414607e-12 1.050974946849801622e-06 -2.338102868350383848e-02 1.327072774118849566e+03
4.357511570006945520e-16 -5.333018173217765847e-12 1.069012801559934529e-06 -2.347777863116692204e-02 1.385115408726654096e+03
-7.318869805898834111e-17 4.586112162673886421e-13 1.041181938381192354e-06 -2.351511403106408896e-02 1.443974437360243883e+03
-6.713234361821524186e-17 4.434080774081687114e-13 1.033896823517129896e-06 -2.357684779961376209e-02 1.503691214791489074e+03
-9.994574493188654859e-17 8.505772381497292850e-13 1.026074186784518071e-06 -2.364400366711545687e-02 1.564284047389303851e+03
2.897803548804756240e-16 -3.421058195947033644e-12 1.034646119405368284e-06 -2.373226651379102548e-02 1.625772037637659878e+03
1.695924879859623842e-16 -1.979169401292615912e-12 1.022190046478260032e-06 -2.379247030736188553e-02 1.688151550926092568e+03
-4.880996859500738420e-16 5.896396493115847712e-12 9.851732537238489139e-07 -2.382207256867127990e-02 1.751446007095348705e+03
4.717682587668054886e-16 -5.173037100227701134e-12 1.019806079450025735e-06 -2.394871443711448292e-02 1.815716543061950915e+03
-2.025203555620216055e-16 1.845655103277326374e-12 9.918259365931818676e-07 -2.400658658048681823e-02 1.880937959705769572e+03
5.037061059689134426e-16 -5.699039879933176984e-12 1.010199780499234154e-06 -2.410893720836782342e-02 1.947145499787331119e+03
-3.841087773521402180e-16 4.546555056801637117e-12 9.661087888780644864e-07 -2.414046431291802519e-02 2.014341297952064224e+03
1.846890386370902154e-16 -1.541508976010934440e-12 9.799693315041844652e-07 -2.424151492132668381e-02 2.082578964684036691e+03
-1.372791710181460250e-16 1.093150207355985271e-12 9.696001057106911994e-07 -2.433048079707935893e-02 2.151873660498756635e+03
1.378043397539411179e-16 -1.565210496839021618e-12 9.700332560389912199e-07 -2.441564766692631838e-02 2.222226356873491568e+03
-2.727431338695526635e-17 5.166607381931666131e-13 9.557257536032864534e-07 -2.449169364362507526e-02 2.293679554733624627e+03
-1.405209489243959114e-16 1.779270040701207320e-12 9.443759345204437881e-07 -2.457133648161869549e-02 2.366253897760571817e+03
-1.683404062746540883e-16 1.621060415999633754e-12 9.421473004134355131e-07 -2.467581480480002948e-02 2.439988749365511921e+03
-9.162158378612602924e-17 7.891267727081219801e-13 9.387619661958229080e-07 -2.477061264502056909e-02 2.514884844007959146e+03
5.724550871172899836e-16 -6.749518459950862423e-12 9.599929945942125817e-07 -2.489868328040528017e-02 2.590990033228822085e+03
-2.795893351483927676e-16 3.084223159407453374e-12 9.169646308510501997e-07 -2.494557834276150965e-02 2.668297638883804666e+03
4.923195420188443753e-17 -9.165429102538313508e-13 9.268477149524212468e-07 -2.506728317626003358e-02 2.746888150512720131e+03
-1.765508782222960274e-16 2.006782298566255450e-12 9.079403438937295984e-07 -2.514553098061051567e-02 2.826743637423188375e+03
-1.634822163479028560e-16 1.582488777580483377e-12 9.052995266458680366e-07 -2.525844506761195860e-02 2.907937676047618424e+03
-2.296008124166389729e-16 2.838502914660537333e-12 8.911964815990693255e-07 -2.534364095772544817e-02 2.990457730779311078e+03
-1.582779995437728913e-16 1.917215917817909268e-12 8.890355168907273127e-07 -2.545677335169619845e-02 3.074375575131169626e+03
-1.262525432718955346e-14 1.235823374486903712e-10 6.005610854346296426e-07 -2.541483277964166204e-02 3.158712744559870316e+03
-4.531903942139851096e-16 5.819547697911312067e-12 8.591100552343795312e-07 -2.564724674580249469e-02 3.245476795040512570e+03
3.816021696499596697e-16 -4.509512781511214214e-12 8.954920949535141533e-07 -2.582614171494340347e-02 3.333775022721299138e+03
-2.707781474241456719e-16 3.646644567402277527e-12 8.552759355965609016e-07 -2.588870854151003112e-02 3.423545413412028211e+03
1.611446718147053774e-16 -1.863055839756839073e-12 8.726954332560985879e-07 -2.604571970225480482e-02 3.514921682833959949e+03
2.390684047964943957e-16 -2.968734305135272620e-12 8.707610569993441510e-07 -2.616965811582941046e-02 3.607879976975416866e+03
-3.377716517979386063e-16 4.285855822011575867e-12 8.341137690730626893e-07 -2.624521927799828430e-02 3.702464370624240473e+03
3.536842072868317796e-16 -3.818169554764336791e-12 8.587110987070545625e-07 -2.641367496576157298e-02 3.798774859335100700e+03
4.152142846944998723e-16 -4.630535576175544060e-12 8.557121698041145395e-07 -2.654603814769037132e-02 3.896799641695295122e+03
-3.522951894998427764e-17 5.403037710695477079e-13 8.298915636282985277e-07 -2.664975834375679989e-02 3.996591139040738199e+03
-1.350623916570852439e-16 1.311787285814293412e-12 8.227654362091669141e-07 -2.678664399487496947e-02 4.098223623230324847e+03
-1.407808051940749386e-16 1.614470948081096912e-12 8.137185558743038174e-07 -2.691608075504000122e-02 4.201724452179364562e+03
3.239557420388656089e-16 -3.952089775727162286e-12 8.288878388669669662e-07 -2.708431181235115837e-02 4.307162484340895389e+03
-1.753030626536370704e-16 2.089123453435408574e-12 7.975574515843190291e-07 -2.718726304093473795e-02 4.414554538358680475e+03
-4.883659806133304986e-17 2.858835629848658467e-13 7.997494961746848978e-07 -2.734825840637470501e-02 4.524004830438187128e+03
5.783574639147537063e-17 -1.867206823106682192e-13 7.904986443903292420e-07 -2.748161842285646445e-02 4.635523918816485093e+03
-1.407427975564597950e-16 1.463879349748238258e-12 7.805820277236157072e-07 -2.763243503999055287e-02 4.749206098805491820e+03
4.669939089001011573e-17 -6.838214952583409888e-13 7.817823809569893721e-07 -2.779683462368702854e-02 4.865102653382005883e+03
9.973197334109394737e-17 -1.209028772980723533e-12 7.766237955036975958e-07 -2.795501772140410179e-02 4.983267862940318992e+03
-1.934212001746982777e-16 2.210383179098184287e-12 7.566146694178193759e-07 -2.809601349845760113e-02 5.103762923247810249e+03
1.833311009975992567e-16 -2.273589021325993754e-12 7.661497574772300424e-07 -2.827624781823386349e-02 5.226673033380067864e+03
4.273688361667264555e-17 -7.608351323038667067e-13 7.546569646607784564e-07 -2.844045171168680178e-02 5.352062905443595810e+03
2.064260087732544978e-16 -2.538529822174988365e-12 7.530717500979959431e-07 -2.861322625130051020e-02 5.479999523536368542e+03
1.141302545995856146e-16 -9.516740028568823207e-13 7.369776236527950897e-07 -2.876690497341702693e-02 5.610553798291829480e+03
2.513623936633179611e-16 -2.696001721252566489e-12 7.375814711059481054e-07 -2.895702861351237209e-02 5.743832315914553874e+03
3.820633269720043223e-17 -7.298416535638388971e-13 7.250527552909358977e-07 -2.913300163613679120e-02 5.879892712096431751e+03
